/*--------------------------------*- C++ -*----------------------------------*\
| =========                 |                                                 |
| \\      /  F ield         | OpenFOAM: The Open Source CFD Toolbox           |
|  \\    /   O peration     | Version:  2.3.0                                 |
|   \\  /    A nd           | Web:      www.OpenFOAM.org                      |
|    \\/     M anipulation  |                                                 |
\*---------------------------------------------------------------------------*/
FoamFile
{
    version     2.0;
    format      ascii;
    class       cellSet;
    location    "constant/polyMesh/sets";
    object      twoInternalFacesCells;
}
// * * * * * * * * * * * * * * * * * * * * * * * * * * * * * * * * * * * * * //


2350
(
0 
1 
2 
3 
4 
5 
6 
7 
8 
9 
10 
11 
12 
13 
14 
15 
16 
17 
18 
19 
20 
21 
22 
23 
24 
25 
26 
32795 
27 
32796 
28 
32797 
29 
32798 
30 
32799 
31 
32800 
32 
32801 
33 
32802 
34 
32803 
35 
32804 
36 
32805 
37 
32806 
38 
32807 
39 
32808 
40 
32809 
41 
32810 
42 
32811 
43 
32812 
44 
32813 
45 
32814 
46 
32815 
47 
32816 
48 
49 
50 
32819 
51 
52 
53 
32822 
54 
32823 
55 
56 
57 
32826 
58 
59 
60 
32829 
61 
62 
63 
32832 
64 
32833 
65 
32834 
66 
32835 
67 
32836 
68 
32837 
69 
70 
71 
32840 
72 
73 
74 
32843 
75 
32844 
76 
32845 
77 
32846 
78 
32847 
79 
32848 
80 
81 
82 
32851 
83 
84 
85 
32854 
86 
87 
88 
32857 
89 
90 
91 
32860 
92 
32861 
93 
32862 
94 
95 
96 
32865 
97 
32866 
98 
32867 
99 
100 
101 
32870 
102 
32871 
103 
32872 
104 
105 
106 
32875 
107 
108 
109 
32878 
110 
111 
112 
32881 
113 
32882 
114 
32883 
115 
32884 
116 
32885 
117 
32886 
118 
119 
120 
32889 
121 
32890 
122 
123 
124 
32893 
125 
32894 
126 
32895 
127 
32896 
128 
32897 
129 
32898 
130 
32899 
131 
32900 
132 
32901 
133 
134 
135 
32904 
136 
137 
138 
32907 
139 
140 
141 
32910 
142 
32911 
143 
32912 
144 
32913 
145 
32914 
146 
32915 
147 
32916 
148 
32917 
149 
150 
151 
32920 
152 
153 
154 
155 
156 
32925 
157 
158 
159 
160 
161 
162 
163 
164 
165 
166 
167 
168 
169 
170 
171 
172 
173 
174 
175 
176 
177 
178 
179 
180 
181 
182 
183 
184 
185 
186 
187 
188 
189 
190 
191 
192 
193 
194 
195 
196 
197 
198 
199 
200 
201 
202 
203 
204 
205 
206 
207 
208 
209 
210 
211 
212 
213 
214 
215 
216 
217 
218 
219 
220 
221 
222 
223 
224 
225 
226 
227 
228 
229 
230 
231 
232 
233 
234 
235 
236 
237 
238 
239 
240 
241 
242 
243 
244 
245 
246 
247 
248 
249 
250 
251 
252 
253 
254 
255 
256 
257 
258 
259 
260 
261 
262 
263 
264 
265 
266 
267 
268 
269 
270 
271 
272 
33254 
33255 
33256 
33257 
33259 
33261 
33263 
33265 
33267 
33269 
33270 
33271 
33272 
33273 
33274 
33275 
33276 
33277 
33278 
33279 
33280 
33281 
33282 
33283 
33284 
33285 
33286 
33287 
33288 
33289 
33290 
33291 
33292 
33294 
33295 
33296 
33298 
33299 
33300 
33302 
33303 
33304 
33305 
33306 
33307 
33309 
33311 
33313 
33314 
33315 
33316 
548 
33317 
33318 
33319 
33320 
553 
33322 
554 
33323 
555 
33324 
33325 
557 
559 
33328 
560 
561 
562 
33331 
33332 
564 
33333 
566 
33335 
33336 
568 
570 
33339 
572 
33342 
574 
33344 
576 
578 
33347 
33348 
580 
33349 
33350 
582 
33351 
33352 
584 
33353 
33354 
586 
33355 
587 
33356 
588 
33357 
589 
33358 
33359 
591 
33360 
33361 
593 
594 
595 
596 
597 
598 
599 
600 
602 
603 
605 
606 
608 
609 
610 
612 
614 
616 
617 
618 
619 
620 
621 
622 
623 
624 
625 
626 
628 
629 
630 
632 
633 
634 
636 
638 
640 
641 
642 
643 
644 
645 
647 
649 
651 
653 
654 
655 
657 
659 
661 
663 
666 
667 
669 
671 
674 
675 
677 
679 
682 
685 
687 
689 
691 
694 
697 
699 
702 
703 
704 
705 
706 
707 
708 
709 
710 
33479 
711 
33480 
712 
33481 
713 
33482 
714 
33483 
715 
33484 
716 
33485 
717 
33486 
718 
33487 
33488 
33489 
33490 
33491 
33492 
33493 
33494 
33495 
33496 
33497 
33498 
33499 
33500 
33501 
33502 
33503 
33504 
33505 
33506 
33507 
33508 
33509 
33510 
33511 
33512 
33513 
33514 
33515 
33516 
33517 
33518 
33519 
33520 
33521 
33522 
33523 
33524 
33525 
33526 
33527 
33528 
33529 
33530 
33531 
33532 
33533 
33534 
33535 
33536 
33537 
33538 
33539 
33540 
33541 
33542 
33543 
33544 
33545 
33546 
33547 
33548 
33549 
33550 
33551 
33552 
33553 
864 
865 
866 
867 
868 
869 
870 
871 
872 
873 
874 
875 
876 
877 
878 
879 
880 
881 
882 
883 
884 
885 
886 
887 
888 
889 
890 
891 
892 
893 
894 
895 
896 
897 
898 
899 
900 
901 
902 
903 
904 
905 
906 
907 
908 
909 
910 
911 
914 
917 
918 
919 
920 
921 
924 
927 
930 
33699 
931 
33700 
932 
33701 
33702 
934 
33703 
33704 
33705 
33706 
33707 
33708 
33709 
33710 
33711 
33712 
33713 
33714 
33715 
33716 
33719 
33722 
33725 
33728 
33731 
33734 
33737 
33740 
33743 
33746 
33749 
33750 
33753 
33756 
33759 
33760 
33763 
33766 
33769 
33772 
33775 
33776 
33777 
33780 
33783 
33786 
33789 
33790 
33791 
33792 
33793 
33794 
33797 
33800 
33803 
33804 
33805 
33808 
33809 
33810 
33813 
33814 
33815 
33816 
33817 
33818 
33819 
33820 
33821 
33822 
33823 
33826 
33829 
33832 
33833 
33834 
33837 
33838 
33841 
33842 
33845 
33846 
33847 
33848 
33849 
33850 
33851 
33852 
33855 
33858 
33859 
33860 
33861 
33864 
33867 
33870 
33873 
33876 
33879 
33882 
33885 
33888 
33891 
33894 
33897 
33898 
33899 
33900 
33902 
33904 
33905 
33906 
821058 
821059 
821079 
821080 
821196 
821197 
821198 
821199 
821200 
821201 
821202 
821203 
821204 
821205 
821206 
821207 
34776 
34777 
34778 
34779 
34780 
34781 
34782 
34783 
34784 
34785 
34786 
34787 
34788 
34789 
34790 
34791 
34792 
821225 
34793 
821226 
34794 
821227 
34795 
821228 
34796 
821229 
34797 
821230 
34798 
821231 
34799 
821232 
34800 
821233 
34801 
821234 
34802 
821235 
34803 
821236 
34804 
34805 
34806 
34807 
821258 
821260 
821263 
821266 
821267 
821268 
821269 
821272 
821275 
2077 
2078 
2079 
2080 
2081 
2082 
2083 
2084 
2085 
2086 
2087 
2088 
2089 
2090 
2091 
2092 
2093 
2094 
2095 
2096 
2097 
821298 
2098 
2099 
2100 
821301 
2101 
821302 
2102 
821303 
2103 
821304 
2104 
2105 
2106 
821307 
2107 
2108 
2109 
821310 
2110 
821311 
2111 
821312 
2112 
2113 
2114 
2115 
68267 
821992 
821993 
821994 
821995 
821996 
821997 
821998 
821999 
822000 
822001 
822002 
822003 
822004 
822005 
822006 
822007 
822008 
822009 
822010 
822011 
822012 
822013 
822014 
822015 
822016 
822017 
822018 
822019 
822020 
822021 
822039 
822040 
822041 
822042 
822043 
822044 
822045 
822046 
822047 
822048 
822049 
822050 
822051 
822052 
822053 
822054 
822055 
822056 
822057 
822058 
822059 
822060 
822061 
822062 
822063 
822064 
822065 
822066 
822067 
822068 
822069 
822088 
822089 
822090 
822091 
822094 
822095 
822096 
35664 
822097 
35665 
35666 
822099 
35667 
822100 
35668 
822101 
35669 
35670 
822103 
35671 
822104 
35672 
822105 
35673 
35674 
35675 
822108 
35676 
35677 
822110 
35678 
822111 
35679 
822112 
35680 
35681 
35682 
822115 
35683 
822116 
35684 
822117 
35685 
822118 
35686 
822119 
35687 
822120 
35688 
822121 
35689 
822122 
35690 
822123 
35691 
822124 
35692 
35693 
35694 
822127 
35695 
35696 
822129 
35697 
35698 
35699 
35700 
35701 
35702 
35703 
35704 
35705 
35706 
35707 
35708 
35709 
35710 
35711 
35712 
35713 
35714 
35715 
35716 
35717 
822150 
35718 
822151 
35719 
822152 
35720 
822153 
35721 
822154 
35722 
822155 
35723 
822156 
35724 
822157 
35725 
822158 
35726 
822159 
35727 
822160 
35728 
822161 
35729 
822162 
35730 
822163 
35731 
822164 
35732 
822165 
35733 
822167 
822169 
822171 
822173 
822175 
822177 
822179 
822181 
822183 
822185 
822187 
822189 
822191 
822412 
822440 
3311 
3331 
36261 
36838 
4247 
4248 
4249 
4250 
4251 
4252 
4253 
4254 
4255 
37331 
37642 
37650 
37651 
37656 
824158 
824159 
824160 
824161 
824162 
824163 
824164 
824165 
824166 
824167 
824168 
824169 
824170 
824171 
824172 
824173 
824174 
824175 
824176 
824177 
824178 
824179 
824180 
824181 
824182 
824183 
824184 
824185 
824186 
824187 
824188 
824189 
824190 
824191 
824192 
824193 
824194 
824195 
824196 
824197 
824198 
824199 
824200 
824201 
824202 
824203 
824204 
824205 
824206 
824207 
824208 
824209 
824210 
824211 
824212 
824213 
824214 
824215 
824216 
824217 
824218 
824219 
824220 
824221 
824241 
824242 
824243 
824246 
824247 
824248 
824249 
824250 
824251 
824254 
824255 
824258 
824259 
824262 
824263 
824264 
824267 
824270 
824271 
824272 
824273 
824274 
824277 
824281 
824282 
824284 
824285 
824286 
824287 
824288 
824289 
824290 
824291 
824292 
824293 
824294 
824295 
824296 
824297 
824298 
824300 
824301 
824302 
824303 
824306 
824308 
824309 
824310 
824313 
824314 
824315 
824316 
824319 
824320 
824321 
824323 
824325 
824326 
824327 
824330 
824332 
824333 
824334 
824336 
824337 
824516 
824539 
5403 
5404 
5405 
5406 
5407 
5408 
5409 
5410 
5411 
5412 
5413 
5414 
5415 
5416 
5417 
5418 
5419 
5420 
5421 
5422 
5423 
5424 
5425 
5426 
5427 
5428 
5429 
5430 
5431 
5432 
5433 
5434 
5435 
5436 
5437 
5438 
5439 
5440 
5441 
5442 
5443 
38573 
38574 
38575 
38576 
38577 
38578 
38579 
38881 
38882 
38883 
38884 
38885 
38886 
38887 
38888 
38889 
38890 
38891 
38892 
38893 
38894 
38895 
38896 
6923 
39878 
39879 
39880 
39881 
39882 
39883 
39884 
39885 
39886 
39887 
39888 
39889 
39890 
39891 
39892 
39893 
39894 
39895 
39896 
39897 
39898 
39899 
39900 
39901 
39902 
39903 
39904 
39905 
39906 
39907 
39908 
39909 
39910 
39911 
39912 
39913 
39914 
39915 
39916 
39917 
39918 
42200 
42201 
42202 
42203 
42204 
42205 
42206 
42207 
42208 
42209 
42210 
42211 
42212 
42213 
42214 
42215 
42216 
42217 
42218 
42219 
42220 
42221 
42222 
42223 
42224 
42225 
42226 
42227 
42228 
42229 
42230 
42231 
42232 
42233 
42234 
42235 
42236 
42237 
42238 
42239 
42240 
42241 
42242 
42243 
42244 
42245 
42246 
42247 
42248 
42249 
42250 
42251 
42252 
42253 
42254 
42255 
42256 
42257 
42258 
42259 
42260 
42261 
42262 
42263 
42264 
42265 
42266 
42267 
42268 
42269 
42270 
42271 
42272 
42273 
42274 
42275 
42276 
42277 
42278 
42279 
42280 
42281 
42282 
44131 
44132 
44588 
817514 
817515 
817516 
817517 
817518 
817519 
817520 
817521 
817522 
817523 
817524 
817525 
817526 
817527 
817528 
817529 
817530 
817531 
817532 
817533 
817534 
817535 
817536 
817537 
817538 
817539 
817540 
817541 
817542 
817543 
817544 
817545 
817546 
817547 
817548 
817549 
817550 
817551 
817552 
817553 
817554 
817555 
817556 
817557 
817558 
817559 
817560 
817561 
817562 
817563 
817564 
817565 
817566 
817567 
817568 
817588 
817589 
817590 
817591 
817592 
817593 
817594 
817595 
817596 
817597 
817598 
817599 
817600 
817601 
817602 
817603 
817604 
817605 
817606 
817607 
817608 
817609 
817610 
817611 
817612 
817613 
817614 
817615 
817616 
817617 
817618 
817619 
817620 
817621 
817622 
817623 
817624 
817625 
817626 
817627 
817628 
817629 
817630 
817631 
817632 
817633 
817634 
817635 
817636 
817637 
817638 
817639 
817640 
817641 
817642 
817663 
817665 
817666 
817669 
817670 
817671 
817672 
817673 
817674 
817676 
817677 
817678 
817679 
817680 
817682 
817683 
817684 
817685 
817687 
817690 
817692 
817693 
817694 
817695 
817696 
817699 
817700 
817701 
817702 
817705 
817707 
817710 
817711 
817712 
817715 
817716 
817717 
817718 
817719 
817720 
817723 
817726 
817729 
817730 
817731 
817733 
817734 
817735 
817736 
817737 
817738 
817740 
817741 
817742 
817775 
817776 
817777 
817778 
817780 
817782 
817783 
817784 
817785 
817787 
817789 
817790 
817791 
817792 
817794 
817796 
817798 
817799 
817800 
817801 
817803 
817805 
817806 
817807 
817808 
817810 
817812 
817813 
817814 
817815 
817817 
817819 
817820 
817821 
817822 
817823 
817825 
817827 
817828 
817829 
817830 
817832 
817834 
817835 
817836 
817837 
817839 
817841 
817842 
817843 
817844 
817846 
31732 
31733 
31734 
31735 
31736 
31737 
31738 
31739 
31740 
31741 
31742 
31743 
31744 
31745 
31746 
31747 
31748 
31749 
31750 
31751 
31752 
31753 
31754 
31755 
31756 
31757 
31758 
31759 
31760 
31761 
31762 
31763 
31764 
31765 
31766 
31767 
31768 
31769 
31770 
31771 
31772 
31773 
31774 
31775 
31776 
31777 
31778 
31779 
31780 
31781 
31782 
31783 
31784 
31785 
31786 
31787 
31788 
31789 
31790 
31791 
31792 
31793 
31794 
31795 
31796 
31797 
31798 
31799 
31800 
31801 
31802 
31803 
31804 
31805 
31806 
31807 
31808 
31809 
31810 
31811 
31812 
31813 
31814 
31815 
31816 
31817 
31818 
31819 
31820 
31821 
31822 
31823 
31824 
31825 
31826 
31827 
31828 
31829 
31830 
31831 
31832 
31833 
31834 
31835 
31836 
31837 
31838 
31839 
31840 
31841 
31842 
31843 
31844 
31845 
31846 
31847 
31848 
31849 
31850 
31851 
31852 
31853 
31854 
31855 
31856 
31857 
31858 
31859 
31860 
31861 
31862 
31863 
31864 
31865 
31866 
31867 
31868 
31869 
31870 
31871 
31872 
31873 
31874 
31875 
31876 
31877 
31878 
31879 
31880 
31881 
31882 
31883 
31884 
31885 
31886 
31887 
31888 
31889 
31890 
31891 
31892 
31893 
31894 
31895 
31896 
31897 
31898 
31899 
31900 
31901 
31902 
31903 
31904 
31905 
31906 
31907 
31908 
31909 
31910 
31911 
31912 
31913 
31914 
31915 
31916 
31917 
31918 
31919 
31920 
31921 
31922 
31923 
31924 
31925 
31926 
31927 
31928 
31929 
31930 
31931 
31932 
32189 
32190 
32191 
32192 
32193 
32194 
32195 
32196 
32197 
32198 
32199 
32200 
32201 
32202 
32203 
32204 
32205 
32206 
32207 
32208 
32209 
32210 
32211 
32212 
32213 
32214 
32215 
32216 
32217 
32218 
32219 
32220 
32221 
32222 
32223 
32224 
32225 
32226 
32227 
32228 
32229 
32230 
32231 
32232 
32233 
32234 
32235 
32236 
32237 
32238 
32239 
32240 
32241 
32242 
32243 
32244 
32245 
32246 
32247 
32248 
32249 
32250 
32251 
32252 
32253 
32254 
32255 
32256 
32257 
32258 
32259 
32260 
32261 
32262 
32263 
32264 
32265 
32266 
32267 
32268 
32269 
32270 
32271 
32272 
32273 
32274 
32275 
32276 
32277 
32278 
32279 
32280 
32281 
32282 
32283 
32284 
32285 
32286 
32287 
32288 
32289 
32290 
32291 
32292 
32293 
32294 
32295 
32296 
32297 
32298 
32299 
32300 
32301 
32302 
32303 
32304 
32305 
32306 
32307 
32308 
32309 
32310 
32311 
32312 
32313 
32314 
32315 
32316 
32317 
32318 
32319 
32320 
32321 
32322 
32323 
32324 
32325 
32326 
32327 
32328 
32329 
32330 
32331 
32332 
32333 
32334 
32335 
32336 
32337 
32338 
32339 
32340 
32341 
32342 
32343 
32344 
32345 
32346 
32347 
32348 
32349 
32350 
32351 
32352 
32353 
32354 
32355 
32356 
32357 
32358 
32359 
32360 
32361 
32362 
32363 
32364 
32365 
32366 
32367 
32368 
32369 
32370 
32371 
32372 
32373 
32374 
32375 
32376 
32377 
32378 
32379 
32380 
32381 
32382 
32383 
32384 
32385 
32386 
32387 
32388 
32389 
32390 
32391 
32392 
32393 
32394 
32395 
32396 
32397 
32398 
32399 
32400 
32401 
32402 
32403 
32404 
32405 
32406 
32407 
32408 
32409 
32410 
32411 
32412 
32413 
32414 
32415 
32416 
32417 
32418 
32419 
32420 
32421 
32422 
32423 
32424 
32425 
32426 
32427 
32428 
32429 
32430 
32431 
32432 
32433 
32434 
32435 
32436 
32437 
32438 
32439 
32440 
32441 
32442 
32443 
32444 
32445 
32446 
32447 
32448 
32449 
32450 
32451 
32452 
32453 
32454 
32455 
32456 
32457 
32458 
32459 
32460 
32461 
32462 
32463 
32464 
32465 
32466 
32467 
32468 
32469 
32470 
32471 
32472 
32473 
32474 
32475 
32476 
32477 
32478 
32479 
32480 
32481 
32482 
32483 
32484 
32485 
32486 
32487 
32488 
32489 
32490 
32491 
32492 
32493 
32494 
32495 
32496 
32497 
32498 
32499 
32500 
32501 
32502 
32503 
32504 
32505 
32506 
32507 
32508 
32509 
32510 
32511 
32512 
32513 
32514 
32515 
32516 
32517 
32518 
32519 
32520 
32521 
32522 
32523 
32524 
32525 
32526 
32527 
32528 
32529 
32530 
32531 
32532 
32533 
32534 
32535 
32536 
32537 
32538 
32539 
32540 
32541 
32542 
32543 
32544 
32545 
32546 
32547 
32548 
32549 
32550 
32551 
32552 
32553 
32554 
32555 
32556 
32557 
32558 
32559 
32560 
32561 
32562 
32563 
32564 
32565 
32566 
32567 
32568 
32569 
32570 
32571 
32572 
32573 
32574 
32575 
32576 
32577 
32578 
32579 
32580 
32581 
32582 
32583 
32584 
32585 
32586 
32587 
32588 
32589 
32590 
32591 
32592 
32593 
32594 
32595 
32596 
32597 
32598 
32599 
32600 
32601 
32602 
32603 
32604 
32605 
32606 
32607 
32608 
32609 
32610 
32611 
32612 
32613 
32614 
32615 
32616 
32617 
32618 
32619 
32620 
32621 
32622 
32623 
32624 
32625 
32626 
32627 
32628 
32629 
32630 
32631 
32632 
32633 
32634 
32635 
32636 
32637 
32638 
32639 
32640 
32641 
32642 
32643 
32645 
32646 
32647 
32648 
32649 
32650 
32651 
32652 
32653 
32654 
32655 
32656 
32657 
32658 
32659 
32660 
32661 
32662 
32663 
32664 
32665 
32666 
32667 
32668 
32669 
32670 
32671 
32672 
32673 
32674 
32675 
32676 
32677 
)

// ************************************************************************* //
